01110111
00101110
01101001
01100011
00101110
00101111
01100010

01110111
00101110
01101001
01100011
00101110
00101111
01100010

01110111
00101110
01101001
01100011
00101110
00101111
01100010

01110111
00101110
01101001
01100011
00101110
00101111
01100010

01110111



01110111
01110011
01110011
01101111
01100011
01101010
01110011

01110111
01110011
01110011
01101111
01100011
01101010
01110011

01110111
01110011
01110011
01101111
01100011
01101010
01110011

01110111
01110011
01110011
01101111
01100011
01101010
01110011

01110111


01110111
01110111
01110011
01101101
01101000
01101111

01110111
01110111
01110011
01101101
01101000
01101111

01110111
01110111
01110011
01101101
01101000
01101111

01110111
01110111
01110011
01101101
01101000
01101111

01110111